8929.000000
8929.000000
8929.000000
9147.000000
9147.000000
9147.000000
9147.000000
9147.000000
9147.000000
9147.000000
9147.000000
9147.000000
9147.000000
9147.000000
9147.000000
9147.000000
9147.000000
9147.000000
9147.000000
9147.000000
9147.000000
9147.000000
9147.000000
9147.000000
9147.000000
9147.000000
9147.000000
9147.000000
9147.000000
9147.000000
9147.000000
9147.000000
9147.000000
9147.000000
9147.000000
9147.000000
9147.000000
9147.000000
9147.000000
9147.000000
9147.000000
9147.000000
9147.000000
9147.000000
9147.000000
9147.000000
9147.000000
9147.000000
9147.000000
9147.000000
#
7967.000000
9147.000000
9147.000000
9147.000000
9147.000000
9147.000000
9147.000000
9147.000000
9147.000000
9147.000000
9147.000000
9147.000000
9147.000000
9147.000000
9147.000000
9147.000000
9147.000000
9147.000000
9147.000000
9147.000000
9147.000000
9147.000000
9147.000000
9147.000000
9147.000000
9147.000000
9147.000000
9147.000000
9147.000000
9147.000000
9147.000000
9147.000000
9147.000000
9147.000000
9147.000000
9147.000000
9147.000000
9147.000000
9147.000000
9147.000000
9147.000000
9147.000000
9147.000000
9147.000000
9147.000000
9147.000000
9147.000000
9147.000000
9147.000000
9147.000000
#
9147.000000
9147.000000
9147.000000
9147.000000
9147.000000
9147.000000
9147.000000
9147.000000
9147.000000
9147.000000
9147.000000
9147.000000
9147.000000
9147.000000
9147.000000
9147.000000
9147.000000
9147.000000
9147.000000
9147.000000
9147.000000
9147.000000
9147.000000
9147.000000
9147.000000
9147.000000
9147.000000
9147.000000
9147.000000
9147.000000
9147.000000
9147.000000
9147.000000
9147.000000
9147.000000
9147.000000
9147.000000
9147.000000
9147.000000
9147.000000
9147.000000
9147.000000
9147.000000
9147.000000
9147.000000
9147.000000
9147.000000
9147.000000
9147.000000
9147.000000
#
8759.000000
9147.000000
9147.000000
9147.000000
9147.000000
9147.000000
9147.000000
9147.000000
9147.000000
9147.000000
9147.000000
9147.000000
9147.000000
9147.000000
9147.000000
9147.000000
9147.000000
9147.000000
9147.000000
9147.000000
9147.000000
9147.000000
9147.000000
9147.000000
9147.000000
9147.000000
9147.000000
9147.000000
9147.000000
9147.000000
9147.000000
9147.000000
9147.000000
9147.000000
9147.000000
9147.000000
9147.000000
9147.000000
9147.000000
9147.000000
9147.000000
9147.000000
9147.000000
9147.000000
9147.000000
9147.000000
9147.000000
9147.000000
9147.000000
9147.000000
#
8759.000000
9147.000000
9147.000000
9147.000000
9147.000000
9147.000000
9147.000000
9147.000000
9147.000000
9147.000000
9147.000000
9147.000000
9147.000000
9147.000000
9147.000000
9147.000000
9147.000000
9147.000000
9147.000000
9147.000000
9147.000000
9147.000000
9147.000000
9147.000000
9147.000000
9147.000000
9147.000000
9147.000000
9147.000000
9147.000000
9147.000000
9147.000000
9147.000000
9147.000000
9147.000000
9147.000000
9147.000000
9147.000000
9147.000000
9147.000000
9147.000000
9147.000000
9147.000000
9147.000000
9147.000000
9147.000000
9147.000000
9147.000000
9147.000000
9147.000000
#
10900.000000
11056.000000
11056.000000
11238.000000
11238.000000
11238.000000
11238.000000
11238.000000
11238.000000
11238.000000
11238.000000
11238.000000
11238.000000
11238.000000
11238.000000
11238.000000
11238.000000
11238.000000
11238.000000
11238.000000
11238.000000
11238.000000
11238.000000
11238.000000
11238.000000
11238.000000
11238.000000
11238.000000
11238.000000
11238.000000
11238.000000
11238.000000
11238.000000
11238.000000
11238.000000
11238.000000
11238.000000
11238.000000
11238.000000
11238.000000
11238.000000
11238.000000
11238.000000
11238.000000
11238.000000
11238.000000
11238.000000
11238.000000
11238.000000
11238.000000
#
11056.000000
11238.000000
11238.000000
11238.000000
11238.000000
11238.000000
11238.000000
11238.000000
11238.000000
11238.000000
11238.000000
11238.000000
11238.000000
11238.000000
11238.000000
11238.000000
11238.000000
11238.000000
11238.000000
11238.000000
11238.000000
11238.000000
11238.000000
11238.000000
11238.000000
11238.000000
11238.000000
11238.000000
11238.000000
11238.000000
11238.000000
11238.000000
11238.000000
11238.000000
11238.000000
11238.000000
11238.000000
11238.000000
11238.000000
11238.000000
11238.000000
11238.000000
11238.000000
11238.000000
11238.000000
11238.000000
11238.000000
11238.000000
11238.000000
11238.000000
#
10777.000000
10777.000000
11056.000000
11056.000000
11056.000000
11056.000000
11238.000000
11238.000000
11238.000000
11238.000000
11238.000000
11238.000000
11238.000000
11238.000000
11238.000000
11238.000000
11238.000000
11238.000000
11238.000000
11238.000000
11238.000000
11238.000000
11238.000000
11238.000000
11238.000000
11238.000000
11238.000000
11238.000000
11238.000000
11238.000000
11238.000000
11238.000000
11238.000000
11238.000000
11238.000000
11238.000000
11238.000000
11238.000000
11238.000000
11238.000000
11238.000000
11238.000000
11238.000000
11238.000000
11238.000000
11238.000000
11238.000000
11238.000000
11238.000000
11238.000000
#
11056.000000
11056.000000
11056.000000
11056.000000
11056.000000
11056.000000
11238.000000
11238.000000
11238.000000
11238.000000
11238.000000
11238.000000
11238.000000
11238.000000
11238.000000
11238.000000
11238.000000
11238.000000
11238.000000
11238.000000
11238.000000
11238.000000
11238.000000
11238.000000
11238.000000
11238.000000
11238.000000
11238.000000
11238.000000
11238.000000
11238.000000
11238.000000
11238.000000
11238.000000
11238.000000
11238.000000
11238.000000
11238.000000
11238.000000
11238.000000
11238.000000
11238.000000
11238.000000
11238.000000
11238.000000
11238.000000
11238.000000
11238.000000
11238.000000
11238.000000
#
10900.000000
11223.000000
11223.000000
11223.000000
11223.000000
11223.000000
11238.000000
11238.000000
11238.000000
11238.000000
11238.000000
11238.000000
11238.000000
11238.000000
11238.000000
11238.000000
11238.000000
11238.000000
11238.000000
11238.000000
11238.000000
11238.000000
11238.000000
11238.000000
11238.000000
11238.000000
11238.000000
11238.000000
11238.000000
11238.000000
11238.000000
11238.000000
11238.000000
11238.000000
11238.000000
11238.000000
11238.000000
11238.000000
11238.000000
11238.000000
11238.000000
11238.000000
11238.000000
11238.000000
11238.000000
11238.000000
11238.000000
11238.000000
11238.000000
11238.000000
#
28607.000000
28744.000000
28744.000000
28744.000000
28744.000000
28857.000000
28857.000000
28857.000000
28857.000000
28857.000000
28857.000000
28857.000000
28857.000000
28857.000000
28857.000000
28857.000000
28857.000000
28857.000000
28857.000000
28857.000000
28857.000000
28857.000000
28857.000000
28857.000000
28857.000000
28857.000000
28857.000000
28857.000000
28857.000000
28857.000000
28857.000000
28857.000000
28857.000000
28857.000000
28857.000000
28857.000000
28857.000000
28857.000000
28857.000000
28857.000000
28857.000000
28857.000000
28857.000000
28857.000000
28857.000000
28857.000000
28857.000000
28857.000000
28857.000000
28857.000000
#
28688.000000
28688.000000
28834.000000
28834.000000
28834.000000
28834.000000
28834.000000
28834.000000
28834.000000
28834.000000
28834.000000
28857.000000
28857.000000
28857.000000
28857.000000
28857.000000
28857.000000
28857.000000
28857.000000
28857.000000
28857.000000
28857.000000
28857.000000
28857.000000
28857.000000
28857.000000
28857.000000
28857.000000
28857.000000
28857.000000
28857.000000
28857.000000
28857.000000
28857.000000
28857.000000
28857.000000
28857.000000
28857.000000
28857.000000
28857.000000
28857.000000
28857.000000
28857.000000
28857.000000
28857.000000
28857.000000
28857.000000
28857.000000
28857.000000
28857.000000
#
28335.000000
28857.000000
28857.000000
28857.000000
28857.000000
28857.000000
28857.000000
28857.000000
28857.000000
28857.000000
28857.000000
28857.000000
28857.000000
28857.000000
28857.000000
28857.000000
28857.000000
28857.000000
28857.000000
28857.000000
28857.000000
28857.000000
28857.000000
28857.000000
28857.000000
28857.000000
28857.000000
28857.000000
28857.000000
28857.000000
28857.000000
28857.000000
28857.000000
28857.000000
28857.000000
28857.000000
28857.000000
28857.000000
28857.000000
28857.000000
28857.000000
28857.000000
28857.000000
28857.000000
28857.000000
28857.000000
28857.000000
28857.000000
28857.000000
28857.000000
#
27794.000000
28857.000000
28857.000000
28857.000000
28857.000000
28857.000000
28857.000000
28857.000000
28857.000000
28857.000000
28857.000000
28857.000000
28857.000000
28857.000000
28857.000000
28857.000000
28857.000000
28857.000000
28857.000000
28857.000000
28857.000000
28857.000000
28857.000000
28857.000000
28857.000000
28857.000000
28857.000000
28857.000000
28857.000000
28857.000000
28857.000000
28857.000000
28857.000000
28857.000000
28857.000000
28857.000000
28857.000000
28857.000000
28857.000000
28857.000000
28857.000000
28857.000000
28857.000000
28857.000000
28857.000000
28857.000000
28857.000000
28857.000000
28857.000000
28857.000000
#
27747.000000
28383.000000
28834.000000
28834.000000
28834.000000
28834.000000
28834.000000
28834.000000
28834.000000
28834.000000
28857.000000
28857.000000
28857.000000
28857.000000
28857.000000
28857.000000
28857.000000
28857.000000
28857.000000
28857.000000
28857.000000
28857.000000
28857.000000
28857.000000
28857.000000
28857.000000
28857.000000
28857.000000
28857.000000
28857.000000
28857.000000
28857.000000
28857.000000
28857.000000
28857.000000
28857.000000
28857.000000
28857.000000
28857.000000
28857.000000
28857.000000
28857.000000
28857.000000
28857.000000
28857.000000
28857.000000
28857.000000
28857.000000
28857.000000
28857.000000
#
