53795.000000
53871.000000
53871.000000
53871.000000
53871.000000
53871.000000
54096.000000
54096.000000
54096.000000
54275.000000
54275.000000
54275.000000
54275.000000
54275.000000
54275.000000
54275.000000
54275.000000
54275.000000
54275.000000
54275.000000
54275.000000
54275.000000
54275.000000
54275.000000
54275.000000
54275.000000
54275.000000
54275.000000
54275.000000
54275.000000
54275.000000
54275.000000
54275.000000
54275.000000
54275.000000
54275.000000
54386.000000
54386.000000
54386.000000
54386.000000
54386.000000
54386.000000
54386.000000
54386.000000
54386.000000
54386.000000
54386.000000
54386.000000
54386.000000
54386.000000