54110.000000
54110.000000
54110.000000
54110.000000
54110.000000
54110.000000
54110.000000
54110.000000
54110.000000
54110.000000
54196.000000
54196.000000
54196.000000
54196.000000
54375.000000
54375.000000
54375.000000
54375.000000
54375.000000
54375.000000
54375.000000
54375.000000
54375.000000
54375.000000
54375.000000
54375.000000
54375.000000
54375.000000
54375.000000
54375.000000
54375.000000
54375.000000
54375.000000
54375.000000
54375.000000
54375.000000
54375.000000
54375.000000
54375.000000
54375.000000
54375.000000
54375.000000
54375.000000
54453.000000
54453.000000
54453.000000
54453.000000
54453.000000
54453.000000
54453.000000
