0.109550
0.151491
0.116904
0.146257
0.131908
0.138260
0.140683
0.133187
0.141243
0.133080
0.878555
0.955771
0.935119
0.922076
0.907499
0.952790
1.063949
0.917142
0.959709
0.868684
23.658755
22.449804
20.889451
22.265803
22.405395
23.092016
22.575163
20.467214
22.391309
22.255797
0.117764
0.124858
0.174660
0.163736
0.168432
0.170001
0.136025
0.126989
0.140568
0.142698
0.919014
0.883637
0.930611
0.915830
0.872892
0.977398
0.971081
0.915597
0.954378
0.891055
24.458189
22.895261
20.017936
23.663197
24.429988
22.791859
24.224770
23.033824
24.142146
21.816189
